Item_Fat_Content,Item_Identifier,Item_MRP,Item_Outlet_Sales,Item_Type,Item_Visibility,Item_Weight,Outlet_Identifier,Outlet_Location_Type,Outlet_Size,Outlet_Type,source,Age of Outlet
0,FDA15,249.8092,3735.138,4,0.016047301,9.3,9,0,1,1,train,17
1,DRC01,48.2692,443.4228,14,0.019278216,5.92,3,2,1,2,train,7
0,FDN15,141.618,2097.27,10,0.016760075,17.5,9,0,1,1,train,17
1,FDX07,182.095,732.38,6,0.0,19.2,0,2,1,0,train,18
0,NCD19,53.8614,994.7052,9,0.0,8.93,1,2,0,1,train,29
1,FDP36,51.4008,556.6088,0,0.0,10.395,3,2,1,2,train,7
1,FDO10,57.6588,343.5528,13,0.012741089,13.65,1,2,0,1,train,29
0,FDP10,107.7622,4022.7636,13,0.127469857,12.8183057851,5,2,1,3,train,31
1,FDH17,96.9726,1076.5986,5,0.016687114,16.2,7,1,1,1,train,14
1,FDU28,187.8214,4710.535,5,0.09444959,19.2,2,1,1,1,train,9
0,FDY07,45.5402,1516.0266,6,0.0,11.8,9,0,1,1,train,17
1,FDA03,144.1102,2187.153,4,0.045463773,18.5,8,0,2,1,train,19
1,FDX32,145.4786,1589.2646,6,0.1000135,15.1,9,0,1,1,train,17
1,FDS46,119.6782,2145.2076,13,0.047257328,17.6,8,0,2,1,train,19
0,FDF32,196.4426,1977.426,6,0.0680243,16.35,1,2,0,1,train,29
1,FDP49,56.3614,1547.3192,2,0.069088961,9.0,8,0,2,1,train,19
0,NCB42,115.3492,1621.8888,8,0.008596051,11.8,3,2,1,2,train,7
1,FDP49,54.3614,718.3982,2,0.069196376,9.0,9,0,1,1,train,17
0,DRI11,113.2834,2303.668,7,0.034237682,12.8183057851,5,2,1,3,train,31
0,FDU02,230.5352,2748.4224,4,0.10249212,13.35,6,1,2,1,train,12
1,FDN22,250.8724,3775.086,13,0.138190277,18.85,1,2,0,1,train,29
1,FDW12,144.5444,4064.0432,0,0.035399923,12.8183057851,5,2,1,3,train,31
0,NCB30,196.5084,1587.2672,9,0.025698134,14.6,6,1,2,1,train,12
0,FDC37,107.6938,214.3876,0,0.057556998,12.8183057851,4,0,2,0,train,31
1,FDR28,165.021,4078.025,5,0.025896485,13.85,8,0,2,1,train,19
0,NCD06,45.906,838.908,9,0.099887103,13.0,2,1,1,1,train,9
1,FDV10,42.3112,1065.28,13,0.066693437,7.645,6,1,2,1,train,12
0,DRJ59,39.1164,308.9312,7,0.019356132,11.65,1,2,0,1,train,29
1,FDE51,45.5086,178.4344,4,0.161466534,5.925,0,2,1,0,train,18
1,FDC14,43.6454,125.8362,3,0.072221801,12.8183057851,4,0,2,0,train,31
0,FDV38,55.7956,163.7868,4,0.170348551,19.25,0,2,1,0,train,18
0,NCS17,96.4436,2741.7644,8,0.080829372,18.6,3,2,1,2,train,7
0,FDP33,256.6672,3068.0064,13,0.0,18.7,3,2,1,2,train,7
0,FDO23,93.1436,2174.5028,1,0.0,17.85,7,1,1,1,train,14
0,DRH01,174.8738,2085.2856,14,0.097904029,17.5,8,0,2,1,train,19
0,NCX29,146.7102,3791.0652,8,0.089291137,10.0,9,0,1,1,train,17
1,FDV20,128.0678,2797.6916,6,0.059511812,12.8183057851,5,2,1,3,train,31
1,DRZ11,122.5388,1609.9044,14,0.113123893,8.85,3,2,1,2,train,7
1,FDX10,36.9874,388.1614,13,0.123111453,12.8183057851,5,2,1,3,train,31
0,FDB34,87.6198,2180.495,13,0.026480954,12.8183057851,5,2,1,3,train,31
0,FDU02,230.6352,3435.528,4,0.102511504,13.35,8,0,2,1,train,19
0,FDK43,126.002,2150.534,10,0.02681843,9.8,1,2,0,1,train,29
0,FDA46,192.9136,2527.3768,13,0.117818348,13.6,9,0,1,1,train,17
0,FDC02,259.9278,6768.5228,3,0.069102831,21.35,3,2,1,2,train,7
1,FDL50,126.5046,373.5138,3,0.042277867,12.15,1,2,0,1,train,29
0,FDM39,178.1002,358.2004,4,0.089498926,6.42,0,2,1,0,train,18
0,NCP05,153.3024,2428.8384,8,0.0,19.6,7,1,1,1,train,14
0,FDV49,265.2226,5815.0972,3,0.025879577,10.0,7,1,1,1,train,14
1,FDL12,60.622,2576.646,0,0.121632721,15.85,8,0,2,1,train,19
1,FDS02,196.8794,780.3176,4,0.255394896,12.8183057851,4,0,2,0,train,31
0,NCL17,143.8812,3134.5864,8,0.067779712,7.39,8,0,2,1,train,19
0,FDM40,141.5154,850.8924,5,0.159803853,10.195,1,2,0,1,train,29
1,FDR13,117.0492,810.9444,3,0.028696932,9.895,1,2,0,1,train,29
0,FDA43,196.3794,3121.2704,6,0.065041581,10.895,2,1,1,1,train,9
0,NCP18,151.4708,4815.0656,9,0.028760013,12.15,2,1,1,1,train,9
0,FDK21,249.0408,6258.52,13,0.010053105,7.905,3,2,1,2,train,7
0,NCX54,106.1622,2117.244,9,0.048157338,9.195,7,1,1,1,train,14
0,DRK35,38.0506,796.9626,7,0.071958197,8.365,9,0,1,1,train,17
0,FDY21,194.511,4910.275,13,0.173481304,15.1,8,0,2,1,train,19
0,FDI26,180.0344,892.172,3,0.061082177,12.8183057851,4,0,2,0,train,31
0,FDM20,246.9144,3185.1872,6,0.0,10.0,3,2,1,2,train,7
1,FDV27,87.3514,1062.6168,10,0.040071131,7.97,7,1,1,1,train,14
0,FDF09,38.2848,484.7024,6,0.012090074,12.8183057851,5,2,1,3,train,31
1,FDY40,51.0692,147.8076,5,0.15028599,12.8183057851,4,0,2,0,train,31
0,FDY45,255.8356,2543.356,13,0.026015519,12.8183057851,5,2,1,3,train,31
0,FDC46,185.4266,184.4266,13,0.195068226,17.7,0,2,1,0,train,18
0,FDH19,172.5738,4865.6664,10,0.033082215,19.35,6,1,2,1,train,12
1,FDZ03,186.024,1118.544,4,0.078946455,13.65,7,1,1,1,train,14
0,DRH37,164.8526,2302.3364,14,0.041700756,17.6,7,1,1,1,train,14
0,NCI17,95.841,2027.361,8,0.143422643,8.645,8,0,2,1,train,19
1,FDJ58,170.1764,3435.528,13,0.105296072,15.6,8,0,2,1,train,19
1,FDL12,59.222,599.22,0,0.121531501,15.85,1,2,0,1,train,29
0,FDH35,164.7526,4604.6728,15,0.0,18.25,7,1,1,1,train,14
0,FDG02,189.6188,2285.0256,3,0.011324862,7.855,2,1,1,1,train,9
0,NCZ18,254.3698,5580.7356,9,0.186357148,7.825,9,0,1,1,train,17
1,FDC29,114.0176,2290.352,5,0.024205661,8.39,8,0,2,1,train,19
0,FDQ10,172.3422,1207.0954,13,0.033230816,12.85,9,0,1,1,train,17
0,FDN48,89.9804,643.1628,0,0.113720344,12.8183057851,4,0,2,0,train,31
0,FDL04,104.9622,1587.933,5,0.112556507,19.0,2,1,1,1,train,9
0,FDV25,222.5456,5305.0944,3,0.0,5.905,7,1,1,1,train,14
0,FDD58,101.87,1697.79,13,0.059352241,7.76,8,0,2,1,train,19
1,FDN04,180.3344,1427.4752,5,0.014087057,11.8,8,0,2,1,train,19
0,FDV45,187.9556,4693.89,13,0.045230944,16.75,3,2,1,2,train,7
0,NCL18,194.6136,583.2408,9,0.293417759,12.8183057851,4,0,2,0,train,31
1,FDR12,171.3764,3091.9752,0,0.031382044,12.8183057851,5,2,1,3,train,31
1,FDG20,177.0028,2479.4392,6,0.12639886,15.5,2,1,1,1,train,9
0,FDZ55,160.992,2716.464,6,0.025403898,6.055,6,1,2,1,train,12
1,FDQ49,155.963,3285.723,2,0.039057677,12.8183057851,5,2,1,3,train,31
1,FDN33,95.6436,661.8052,13,0.123115764,6.305,8,0,2,1,train,19
0,FDN27,117.2808,1523.3504,10,0.039624006,20.85,9,0,1,1,train,17
0,FDW20,122.173,369.519,6,0.040421193,20.75,0,2,1,0,train,18
0,DRG27,39.9138,690.4346,4,0.105274111,8.895,9,0,1,1,train,17
0,DRI25,55.1614,1381.535,14,0.033970195,19.6,7,1,1,1,train,14
0,FDA44,57.893,622.523,6,0.053212652,19.7,6,1,2,1,train,12
0,NCR17,114.5492,1274.3412,8,0.024378706,9.8,6,1,2,1,train,12
0,FDU04,120.0414,487.3656,5,0.009714595,12.8183057851,4,0,2,0,train,31
0,FDF41,246.046,1231.73,5,0.131383762,12.15,9,0,1,1,train,17
1,FDB56,187.4556,3755.112,6,0.07461309,8.75,6,1,2,1,train,12
0,NCP18,149.9708,4363.6532,9,0.028459761,12.8183057851,5,2,1,3,train,31
1,FDB56,187.8556,1314.2892,6,0.074627201,8.75,8,0,2,1,train,19
0,FDW58,107.8622,,13,0.007564836,20.75,9,0,1,1,test,17
1,FDW14,87.3198,,4,0.038427677,8.3,2,1,1,1,test,9
0,NCN55,241.7538,,11,0.099574908,14.6,0,2,1,0,test,18
0,FDQ58,155.034,,13,0.015388393,7.315,2,1,1,1,test,9
1,FDY38,234.23,,4,0.118599314,12.8183057851,5,2,1,3,test,31
1,FDH56,117.1492,,6,0.063817206,9.8,8,0,2,1,test,19
1,FDL48,50.1034,,0,0.082601537,19.35,3,2,1,2,test,7
0,FDC48,81.0592,,0,0.015782495,12.8183057851,5,2,1,3,test,31
1,FDN33,95.7436,,13,0.123365446,6.305,7,1,1,1,test,14
0,FDA36,186.8924,,0,0.005698435,5.985,2,1,1,1,test,9
0,FDT44,118.3466,,6,0.103569075,16.6,2,1,1,1,test,9
0,FDQ56,85.3908,,6,0.10581147,6.59,7,1,1,1,test,14
0,NCC54,240.4196,,8,0.171079215,12.8183057851,4,0,2,0,test,31
0,FDU11,122.3098,,1,0.092737611,4.785,9,0,1,1,test,17
0,DRL59,52.0298,,7,0.021206464,16.75,1,2,0,1,test,29
1,FDM24,151.6366,,0,0.0794507,6.135,9,0,1,1,test,17
0,FDI57,198.7768,,12,0.05413521,19.85,7,1,1,1,test,14
0,DRC12,192.2188,,14,0.037980963,17.85,3,2,1,2,test,7
0,NCM42,109.6912,,9,0.028184344,12.8183057851,5,2,1,3,test,31
0,FDA46,193.7136,,13,0.196897637,13.6,0,2,1,0,test,18
0,FDA31,175.008,,6,0.109920138,7.1,1,2,0,1,test,29
0,NCJ31,239.9196,,11,0.182619235,19.2,6,1,2,1,test,12
0,FDG52,47.7402,,5,0.065630844,13.65,8,0,2,1,test,19
0,NCL19,142.347,,11,0.027447057,12.8183057851,4,0,2,0,test,31
0,FDS10,180.7318,,13,0.035178935,19.2,6,1,2,1,test,12
1,FDX22,209.4928,,13,0.038455125,6.785,0,2,1,0,test,18
0,NCF19,47.6034,,9,0.035102094,13.0,6,1,2,1,test,12
0,NCE06,161.3894,,9,0.091485232,5.825,8,0,2,1,test,19
0,DRC27,244.6802,,4,0.058102469,13.8,8,0,2,1,test,19
0,FDE21,116.5492,,6,0.022940349,12.8,6,1,2,1,test,12
0,NCR42,32.09,,9,0.06737681,12.8183057851,4,0,2,0,test,31
1,FDX51,194.9452,,10,0.022148582,9.5,3,2,1,2,test,7
0,NCR06,42.4112,,9,0.006792707,12.5,3,2,1,2,test,7
1,FDU31,217.7508,,6,0.024870035,12.8183057851,5,2,1,3,test,31
0,FDU59,164.2552,,1,0.096931426,5.78,2,1,1,1,test,9
1,FDR03,205.098,,10,0.008693632,12.8183057851,5,2,1,3,test,31
0,FDS49,80.3644,,3,0.078961284,12.8183057851,5,2,1,3,test,31
0,FDD48,114.0176,,0,0.050479463,10.395,0,2,1,0,test,18
0,NCF18,192.1504,,9,0.089485918,18.35,2,1,1,1,test,9
0,NCD43,103.3964,,9,0.01594238,12.8183057851,5,2,1,3,test,31
0,NCD54,143.3786,,9,0.029127115,21.1,3,2,1,2,test,7
0,FDY19,116.6466,,6,0.069236421,19.75,0,2,1,0,test,18
0,NCY54,173.9422,,9,0.178699961,8.43,2,1,1,1,test,9
0,NCL19,144.847,,11,0.015740089,15.35,3,2,1,2,test,7
0,FDP23,217.2166,,1,0.059565107,6.71,0,2,1,0,test,18
0,FDC26,112.1886,,3,0.126277921,10.195,1,2,0,1,test,29
0,FDR14,55.8298,,4,0.291322397,11.65,0,2,1,0,test,18
0,NCS41,183.2608,,8,0.053433908,12.85,6,1,2,1,test,12
0,FDF41,248.146,,5,0.131155007,12.15,6,1,2,1,test,12
0,FDU34,124.9046,,13,0.075194929,18.25,8,0,2,1,test,19
